45 00 04 3c ff ff 40 00 40 11 b3 41 65 4c d0 14 ffff 0
65 4c d0 0b df 94 12 b7 04 28 00 00 06 40 ff ff ffff 0
00 00 00 11 80 9d be 5d 00 00 00 00 61 00 00 00 ffff 0
00 00 02 2b 00 00 0c 00 01 01 01 01 01 01 01 01 ffff 0
01 01 01 01 01 01 01 01 01 01 01 01 01 01 01 01 ffff 0
01 01 01 01 01 01 01 01 01 01 01 01 01 01 01 01 ffff 0
01 01 01 01 01 01 01 01 01 01 01 01 01 01 01 01 ffff 0
01 01 01 01 01 01 01 01 01 01 01 01 01 01 01 01 ffff 0
01 01 01 01 01 01 01 01 01 01 01 01 01 01 01 01 ffff 0
01 01 01 01 01 01 01 01 01 01 01 01 01 01 01 01 ffff 0
01 01 01 01 01 01 01 01 01 01 01 01 01 01 01 01 ffff 0
01 01 01 01 01 01 01 01 01 01 01 01 01 01 01 01 ffff 0 
01 01 01 01 01 01 01 01 01 01 01 01 01 01 01 01 ffff 0
01 01 01 01 01 01 01 01 01 01 01 01 01 01 01 01 ffff 0
01 01 01 01 01 01 01 01 01 01 01 01 01 01 01 01 ffff 0
01 01 01 01 01 01 01 01 01 01 01 01 01 01 01 01 ffff 0
01 01 01 01 01 01 01 01 01 01 01 01 01 01 01 01 ffff 0
01 01 01 01 01 01 01 01 01 01 01 01 01 01 01 01 ffff 0
01 01 01 01 01 01 01 01 01 01 01 01 01 01 01 01 ffff 0
01 01 01 01 01 01 01 01 01 01 01 01 01 01 01 01 ffff 0
01 01 01 01 01 01 01 01 01 01 01 01 01 01 01 01 ffff 0
01 01 01 01 01 01 01 01 01 01 01 01 01 01 01 01 ffff 0
01 01 01 01 01 01 01 01 01 01 01 01 01 01 01 01 ffff 0
01 01 01 01 01 01 01 01 01 01 01 01 01 01 01 01 ffff 0
01 01 01 01 01 01 01 01 01 01 01 01 01 01 01 01 ffff 0
01 01 01 01 01 01 01 01 01 01 01 01 01 01 01 01 ffff 0
01 01 01 01 01 01 01 01 01 01 01 01 01 01 01 01 ffff 0
01 01 01 01 01 01 01 01 01 01 01 01 01 01 01 01 ffff 0
01 01 01 01 01 01 01 01 01 01 01 01 01 01 01 01 ffff 0
01 01 01 01 01 01 01 01 01 01 01 01 01 01 01 01 ffff 0
01 01 01 01 01 01 01 01 01 01 01 01 01 01 01 01 ffff 0
01 01 01 01 01 01 01 01 01 01 01 01 01 01 01 01 ffff 0
01 01 01 01 01 01 01 01 01 01 01 01 01 01 01 01 ffff 0
01 01 01 01 01 01 01 01 01 01 01 01 01 01 01 01 ffff 0
01 01 01 01 01 01 01 01 01 01 01 01 01 01 01 01 ffff 0
01 01 01 01 01 01 01 01 01 01 01 01 01 01 01 01 ffff 0
01 01 01 01 01 01 01 01 01 01 01 01 01 01 01 01 ffff 0
01 01 01 01 01 01 01 01 01 01 01 01 01 01 01 01 ffff 0
01 01 01 01 01 01 01 01 01 01 01 01 01 01 01 01 ffff 0
01 01 01 01 01 01 01 01 01 01 01 01 01 01 01 01 ffff 0
01 01 01 01 01 01 01 01 01 01 01 01 01 01 01 01 ffff 0
01 01 01 01 01 01 01 01 01 01 01 01 01 01 01 01 ffff 0
01 01 01 01 01 01 01 01 01 01 01 01 01 01 01 01 ffff 0
01 01 01 01 01 01 01 01 01 01 01 01 01 01 01 01 ffff 0
01 01 01 01 01 01 01 01 01 01 01 01 01 01 01 01 ffff 0
01 01 01 01 01 01 01 01 01 01 01 01 01 01 01 01 ffff 0
01 01 01 01 01 01 01 01 01 01 01 01 01 01 01 01 ffff 0
01 01 01 01 01 01 01 01 01 01 01 01 01 01 01 01 ffff 0
01 01 01 01 01 01 01 01 01 01 01 01 01 01 01 01 ffff 0
01 01 01 01 01 01 01 01 01 01 01 01 01 01 01 01 ffff 0
01 01 01 01 01 01 01 01 01 01 01 01 01 01 01 01 ffff 0
01 01 01 01 01 01 01 01 01 01 01 01 01 01 01 01 ffff 0
01 01 01 01 01 01 01 01 01 01 01 01 01 01 01 01 ffff 0
01 01 01 01 01 01 01 01 01 01 01 01 01 01 01 01 ffff 0
01 01 01 01 01 01 01 01 01 01 01 01 01 01 01 01 ffff 0
01 01 01 01 01 01 01 01 01 01 01 01 01 01 01 01 ffff 0
01 01 01 01 01 01 01 01 01 01 01 01 01 01 01 01 ffff 0
01 01 01 01 01 01 01 01 01 01 01 01 01 01 01 01 ffff 0
01 01 01 01 01 01 01 01 01 01 01 01 01 01 01 01 ffff 0
01 01 01 01 01 01 01 01 01 01 01 01 01 01 01 01 ffff 0
01 01 01 01 01 01 01 01 01 01 01 01 01 01 01 01 ffff 0
01 01 01 01 01 01 01 01 01 01 01 01 01 01 01 01 ffff 0
01 01 01 01 01 01 01 01 01 01 01 01 01 01 01 01 ffff 0
01 01 01 01 01 01 01 01 01 01 01 01 01 01 01 01 ffff 0
01 01 01 01 01 01 01 01 01 01 01 01 01 01 01 01 ffff 0
01 01 01 01 01 01 01 01 01 01 01 01 01 01 01 01 ffff 0
01 01 01 01 01 01 01 01 01 01 01 01 01 01 01 01 ffff 0
01 01 01 01 01 01 01 01 74 d1 7b 66 00 00 00 00 0fff 1
45 00 04 2c 00 00 40 00 40 11 b3 51 65 4c d0 14 ffff 0
65 4c d0 0b df 94 12 b7 04 18 00 00 07 40 ff ff ffff 0
00 00 00 11 80 9d be 5e 01 01 01 01 01 01 01 01 ffff 0
01 01 01 01 01 01 01 01 01 01 01 01 01 01 01 01 ffff 0
01 01 01 01 01 01 01 01 01 01 01 01 01 01 01 01 ffff 0
01 01 01 01 01 01 01 01 01 01 01 01 01 01 01 01 ffff 0
01 01 01 01 01 01 01 01 01 01 01 01 01 01 01 01 ffff 0
01 01 01 01 01 01 01 01 01 01 01 01 01 01 01 01 ffff 0
01 01 01 01 01 01 01 01 01 01 01 01 01 01 01 01 ffff 0
01 01 01 01 01 01 01 01 01 01 01 01 01 01 01 01 ffff 0
01 01 01 01 01 01 01 01 01 01 01 01 01 01 01 01 ffff 0 
01 01 01 01 01 01 01 01 01 01 01 01 01 01 01 01 ffff 0
01 01 01 01 01 01 01 01 01 01 01 01 01 01 01 01 ffff 0
01 01 01 01 01 01 01 01 01 01 01 01 01 01 01 01 ffff 0
01 01 01 01 01 01 01 01 01 01 01 01 01 01 01 01 ffff 0
01 01 01 01 01 01 01 01 01 01 01 01 01 01 01 01 ffff 0
01 01 01 01 01 01 01 01 01 01 01 01 01 01 01 01 ffff 0
01 01 01 01 01 01 01 01 01 01 01 01 01 01 01 01 ffff 0
01 01 01 01 01 01 01 01 01 01 01 01 01 01 01 01 ffff 0
01 01 01 01 01 01 01 01 01 01 01 01 01 01 01 01 ffff 0
01 01 01 01 01 01 01 01 01 01 01 01 01 01 01 01 ffff 0
01 01 01 01 01 01 01 01 01 01 01 01 01 01 01 01 ffff 0
01 01 01 01 01 01 01 01 01 01 01 01 01 01 01 01 ffff 0
01 01 01 01 01 01 01 01 01 01 01 01 01 01 01 01 ffff 0
01 01 01 01 01 01 01 01 01 01 01 01 01 01 01 01 ffff 0
01 01 01 01 01 01 01 01 01 01 01 01 01 01 01 01 ffff 0
01 01 01 01 01 01 01 01 01 01 01 01 01 01 01 01 ffff 0
01 01 01 01 01 01 01 01 01 01 01 01 01 01 01 01 ffff 0
01 01 01 01 01 01 01 01 01 01 01 01 01 01 01 01 ffff 0
01 01 01 01 01 01 01 01 01 01 01 01 01 01 01 01 ffff 0
01 01 01 01 01 01 01 01 01 01 01 01 01 01 01 01 ffff 0
01 01 01 01 01 01 01 01 01 01 01 01 01 01 01 01 ffff 0
01 01 01 01 01 01 01 01 01 01 01 01 01 01 01 01 ffff 0
01 01 01 01 01 01 01 01 01 01 01 01 01 01 01 01 ffff 0
01 01 01 01 01 01 01 01 01 01 01 01 01 01 01 01 ffff 0
01 01 01 01 01 01 01 01 01 01 01 01 01 01 01 01 ffff 0
01 01 01 01 01 01 01 01 01 01 01 01 01 01 01 01 ffff 0
01 01 01 01 01 01 01 01 01 01 01 01 01 01 01 01 ffff 0
01 01 01 01 01 01 01 01 01 01 01 01 01 01 01 01 ffff 0
01 01 01 01 01 01 01 01 01 01 01 01 01 01 01 01 ffff 0
01 01 01 01 01 01 01 01 01 01 01 01 01 01 01 01 ffff 0
01 01 01 01 01 01 01 01 01 01 01 01 01 01 01 01 ffff 0
01 01 01 01 01 01 01 01 01 01 01 01 01 01 01 01 ffff 0
01 01 01 01 01 01 01 01 01 01 01 01 01 01 01 01 ffff 0
01 01 01 01 01 01 01 01 01 01 01 01 01 01 01 01 ffff 0
01 01 01 01 01 01 01 01 01 01 01 01 01 01 01 01 ffff 0
01 01 01 01 01 01 01 01 01 01 01 01 01 01 01 01 ffff 0
01 01 01 01 01 01 01 01 01 01 01 01 01 01 01 01 ffff 0
01 01 01 01 01 01 01 01 01 01 01 01 01 01 01 01 ffff 0
01 01 01 01 01 01 01 01 01 01 01 01 01 01 01 01 ffff 0
01 01 01 01 01 01 01 01 01 01 01 01 01 01 01 01 ffff 0
01 01 01 01 01 01 01 01 01 01 01 01 01 01 01 01 ffff 0
01 01 01 01 01 01 01 01 01 01 01 01 01 01 01 01 ffff 0
01 01 01 01 01 01 01 01 01 01 01 01 01 01 01 01 ffff 0
01 01 01 01 01 01 01 01 01 01 01 01 01 01 01 01 ffff 0
01 01 01 01 01 01 01 01 01 01 01 01 01 01 01 01 ffff 0
01 01 01 01 01 01 01 01 01 01 01 01 01 01 01 01 ffff 0
01 01 01 01 01 01 01 01 01 01 01 01 01 01 01 01 ffff 0
01 01 01 01 01 01 01 01 01 01 01 01 01 01 01 01 ffff 0
01 01 01 01 01 01 01 01 01 01 01 01 01 01 01 01 ffff 0
01 01 01 01 01 01 01 01 01 01 01 01 01 01 01 01 ffff 0
01 01 01 01 01 01 01 01 01 01 01 01 01 01 01 01 ffff 0
01 01 01 01 01 01 01 01 01 01 01 01 01 01 01 01 ffff 0
01 01 01 01 01 01 01 01 01 01 01 01 01 01 01 01 ffff 0
01 01 01 01 01 01 01 01 01 01 01 01 01 01 01 01 ffff 0
01 01 01 01 01 01 01 01 01 01 01 01 01 01 01 01 ffff 0
01 01 01 01 01 01 01 01 74 d1 7b 66 00 00 00 00 0fff 1
45 00 04 2c 00 01 40 00 40 11 b3 50 65 4c d0 14 ffff 0
65 4c d0 0b df 94 12 b7 04 18 00 00 08 40 ff ff ffff 0
00 00 00 11 80 9d be 5f 01 01 01 01 01 01 01 01 ffff 0
01 01 01 01 01 01 01 01 01 01 01 01 01 01 01 01 ffff 0
01 01 01 01 01 01 01 01 01 01 01 01 01 01 01 01 ffff 0
01 01 01 01 01 01 01 01 01 01 01 01 01 01 01 01 ffff 0
01 01 01 01 01 01 01 01 01 01 01 01 01 01 01 01 ffff 0
01 01 01 01 01 01 01 01 01 01 01 01 01 01 01 01 ffff 0
01 01 01 01 01 01 01 01 01 01 01 01 01 01 01 01 ffff 0
01 01 01 01 01 01 01 01 01 01 01 01 01 01 01 01 ffff 0
01 01 01 01 01 01 01 01 01 01 01 01 01 01 01 01 ffff 0 
01 01 01 01 01 01 01 01 01 01 01 01 01 01 01 01 ffff 0
01 01 01 01 01 01 01 01 01 01 01 01 01 01 01 01 ffff 0
01 01 01 01 01 01 01 01 01 01 01 01 01 01 01 01 ffff 0
01 01 01 01 01 01 01 01 01 01 01 01 01 01 01 01 ffff 0
01 01 01 01 01 01 01 01 01 01 01 01 01 01 01 01 ffff 0
01 01 01 01 01 01 01 01 01 01 01 01 01 01 01 01 ffff 0
01 01 01 01 01 01 01 01 01 01 01 01 01 01 01 01 ffff 0
01 01 01 01 01 01 01 01 01 01 01 01 01 01 01 01 ffff 0
01 01 01 01 01 01 01 01 01 01 01 01 01 01 01 01 ffff 0
01 01 01 01 01 01 01 01 01 01 01 01 01 01 01 01 ffff 0
01 01 01 01 01 01 01 01 01 01 01 01 01 01 01 01 ffff 0
01 01 01 01 01 01 01 01 01 01 01 01 01 01 01 01 ffff 0
01 01 01 01 01 01 01 01 01 01 01 01 01 01 01 01 ffff 0
01 01 01 01 01 01 01 01 01 01 01 01 01 01 01 01 ffff 0
01 01 01 01 01 01 01 01 01 01 01 01 01 01 01 01 ffff 0
01 01 01 01 01 01 01 01 01 01 01 01 01 01 01 01 ffff 0
01 01 01 01 01 01 01 01 01 01 01 01 01 01 01 01 ffff 0
01 01 01 01 01 01 01 01 01 01 01 01 01 01 01 01 ffff 0
01 01 01 01 01 01 01 01 01 01 01 01 01 01 01 01 ffff 0
01 01 01 01 01 01 01 01 01 01 01 01 01 01 01 01 ffff 0
01 01 01 01 01 01 01 01 01 01 01 01 01 01 01 01 ffff 0
01 01 01 01 01 01 01 01 01 01 01 01 01 01 01 01 ffff 0
01 01 01 01 01 01 01 01 01 01 01 01 01 01 01 01 ffff 0
01 01 01 01 01 01 01 01 01 01 01 01 01 01 01 01 ffff 0
01 01 01 01 01 01 01 01 01 01 01 01 01 01 01 01 ffff 0
01 01 01 01 01 01 01 01 01 01 01 01 01 01 01 01 ffff 0
01 01 01 01 01 01 01 01 01 01 01 01 01 01 01 01 ffff 0
01 01 01 01 01 01 01 01 01 01 01 01 01 01 01 01 ffff 0
01 01 01 01 01 01 01 01 01 01 01 01 01 01 01 01 ffff 0
01 01 01 01 01 01 01 01 01 01 01 01 01 01 01 01 ffff 0
01 01 01 01 01 01 01 01 01 01 01 01 01 01 01 01 ffff 0
01 01 01 01 01 01 01 01 01 01 01 01 01 01 01 01 ffff 0
01 01 01 01 01 01 01 01 01 01 01 01 01 01 01 01 ffff 0
01 01 01 01 01 01 01 01 01 01 01 01 01 01 01 01 ffff 0
01 01 01 01 01 01 01 01 01 01 01 01 01 01 01 01 ffff 0
01 01 01 01 01 01 01 01 01 01 01 01 01 01 01 01 ffff 0
01 01 01 01 01 01 01 01 01 01 01 01 01 01 01 01 ffff 0
01 01 01 01 01 01 01 01 01 01 01 01 01 01 01 01 ffff 0
01 01 01 01 01 01 01 01 01 01 01 01 01 01 01 01 ffff 0
01 01 01 01 01 01 01 01 01 01 01 01 01 01 01 01 ffff 0
01 01 01 01 01 01 01 01 01 01 01 01 01 01 01 01 ffff 0
01 01 01 01 01 01 01 01 01 01 01 01 01 01 01 01 ffff 0
01 01 01 01 01 01 01 01 01 01 01 01 01 01 01 01 ffff 0
01 01 01 01 01 01 01 01 01 01 01 01 01 01 01 01 ffff 0
01 01 01 01 01 01 01 01 01 01 01 01 01 01 01 01 ffff 0
01 01 01 01 01 01 01 01 01 01 01 01 01 01 01 01 ffff 0
01 01 01 01 01 01 01 01 01 01 01 01 01 01 01 01 ffff 0
01 01 01 01 01 01 01 01 01 01 01 01 01 01 01 01 ffff 0
01 01 01 01 01 01 01 01 01 01 01 01 01 01 01 01 ffff 0
01 01 01 01 01 01 01 01 01 01 01 01 01 01 01 01 ffff 0
01 01 01 01 01 01 01 01 01 01 01 01 01 01 01 01 ffff 0
01 01 01 01 01 01 01 01 01 01 01 01 01 01 01 01 ffff 0
01 01 01 01 01 01 01 01 01 01 01 01 01 01 01 01 ffff 0
01 01 01 01 01 01 01 01 01 01 01 01 01 01 01 01 ffff 0
01 01 01 01 01 01 01 01 01 01 01 01 01 01 01 01 ffff 0
01 01 01 01 01 01 01 01 74 d1 7b 66 00 00 00 00 0fff 1